x1 = [74.679871, 74.680005, 74.679958, 74.679461, 74.679945, 74.680037, 74.680271, 74.679508, 74.680234, 74.680276, 74.680028, 74.680014, 74.679526, 74.679953, 74.679961, 74.679548, 74.679423, 74.680315, 74.679708, 74.680151, 74.679757, 74.680355, 74.679709, 74.679854, 74.679439, 74.680006, 74.679424, 74.679966, 74.680089, 74.679866, 74.679717, 74.680136, 74.679436, 74.680216, 74.679672, 74.679809, 74.679312, 74.680271, 74.679374, 74.679333, 74.679706, 74.680171, 74.679893, 74.680168, 74.679446, 74.680072, 74.679801];
y1 = [32.507878, 32.508034, 32.508161, 32.507201, 32.508283, 32.508133, 32.508358, 32.507356, 32.508227, 32.508376, 32.507922, 32.508412, 32.507399, 32.508177, 32.508167, 32.507176, 32.506763, 32.508636, 32.507658, 32.508081, 32.507471, 32.508513, 32.507852, 32.508133, 32.506989, 32.508406, 32.506608, 32.508193, 32.507948, 32.507926, 32.507858, 32.508392, 32.50697, 32.508578, 32.507729, 32.507861, 32.506677, 32.50873, 32.506478, 32.506555, 32.507564, 32.508117, 32.507706, 32.508191, 32.507078, 32.508445, 32.507859];
scatter(x1,y1);
